2.31562159427
4.95067320042
2.60997095299
4.94863166917
2.98004460931
3.80918512934
3.3349701013
4.13862230381
3.69982599657
4.58772309175
4.87398506356
4.82750787933
3.30458224426
4.38647062488
4.60551526857
3.3798387005
3.14595186636
3.57914582668
5.02458809976
4.39170258523
4.33625374613
4.42832916979
3.94844871909
5.51692860459
3.67710385352
4.22370568782
5.04996010503
3.80186051972
3.86604406067
3.53163521686
4.40990306114
3.85936068843
3.43538934519
3.03933130252
3.28687832828
4.36325656474
3.17789882393
4.89130244529
5.11831400013
4.52078936901
3.8410952793
3.1478552909
4.81383305841
3.69648774229
2.85287170767
4.0500656881
3.35596946467
3.63212442382
3.39051405116
4.77267668524
3.73735942643
4.67318352679
3.08169707381
4.38549339891
4.08782673723
3.95342603809
4.39728270365
4.35030786342
3.99725440627
3.23313487535
3.24989842122
2.85420836112
3.59506453578
3.63301174455
4.03107885186
3.77539062908
4.48422759867
4.84538501594
3.49994003789
3.69963372558
4.75749503702
3.03905606524
3.54558080655
3.49034814874
3.45705662473
4.45256113232
3.63896571111
4.49954920487
4.47089225746
4.98256958155
4.61864575847
3.83795903521
2.58985982357
4.78158183859
3.84725770474
3.0955998084
4.79361294743
4.04435565104
3.22359554679
4.29833073713
4.05391595695
4.12092593502
3.97356750508
3.90387074588
4.4245317078
3.8676032467
5.12630409887
4.22960661768
4.09841704829
3.06102765877
2.61901840994
4.43583866895
4.96693538154
3.551440861
2.4067576573
3.76863498617
4.30379369986
4.45242187684
3.00765295915
4.00220611433
4.19433992648
4.04604618576
4.8381063341
3.34947922396
2.86176113943
4.88671688661
2.93474536224
3.15060893646
2.34158480141
3.94384389468
4.23786259335
3.73660569519
3.25741322446
3.96384243879
4.07636887889
3.64827316052
4.81538559956
5.50663099585
3.58024894303
4.69767999927
4.69383522406
4.71633711295
5.0572245568
3.61403106189
4.46507993312
4.11997279644
3.72395219466
4.22031065448
4.14050448424
3.00060554723
3.1239101674
5.20685885881
4.97726880904
4.99632892151
3.687540609
4.42342724356
3.1827513409
4.47256736894
3.08784727743
3.29435367846
4.75622078803
4.23290290898
5.23425397147
4.3434814765
3.37022109192
2.73276183027
4.8657690587
4.03139700323
3.15146811289
4.93808588709
3.87541062906
3.41649486306
2.94334473445
4.61373897288
3.59825796899
3.82185226357
3.42868472211
3.71427616169
3.11003379977
4.55934892824
4.26461767755
4.33947809654
3.05682435012
3.97877513766
3.70404379196
2.99088439427
3.75292244571
4.16114662064
4.37754242364
4.10951244017
4.68274269267
4.1119191632
3.95289017202
4.06575687008
2.99138848935
5.03236712232
3.16663512804
3.91591635236
4.94166002831
5.30749836287
3.97425162692
3.82795189961
2.79840222167
5.3575128368
3.53475219527
3.94219512315
3.75073329388
3.42836352911
4.78151989827
2.83023629515
4.2871723813
5.05840913081
4.16726821874
3.80834181276
4.31800865853
4.69745221203
3.75280309513
4.36953234485
3.60538051538
5.18064179409
3.77795380453
3.52060989342
2.70594802421
3.56371533519
4.87637184506
3.88647164321
5.44949238644
3.5443181385
3.07974356292
4.52017549345
4.16546591295
3.87731738579
4.24748905357
3.03715572821
3.78145925835
3.09296856588
2.92008482632
4.8397324116
3.78650802551
3.87762073092
4.55393545183
2.4417550418
3.98490536917
2.87591701281
5.66670930689
3.35864225843
4.32948528659
3.82606945313
3.65272354766
3.96872252739
3.22028773281
4.1973088291
4.18890666639
3.16088054117
5.3889349232
3.26529825255
4.04726172175
3.75360140462
4.09406525737
4.37696053851
3.60773278057
4.98477872858
3.74655605269
2.32645259071
3.42867157582
4.36008781959
3.43088876986
3.69338448408
3.00544199683
2.57508456762
4.71057694196
4.14458024401
4.09872162375
4.0945859182
3.35260232677
4.83453372666
4.16893319154
3.16995701361
4.53986318338
4.39246914116
5.35482681363
3.96098331899
4.72835240088
3.84755431699
2.92338622135
4.01602707731
3.80117790473
4.42092992592
3.07084193377
4.45791044708
3.65359085892
3.77806093384
4.69797863869
3.83616766668
4.37573675912
3.59428036095
3.67857276735
4.66619811095
4.72128082197
4.15945863267
3.55369169038
4.02505332373
4.6967041524
3.71758132318
4.87117695026
4.76154654809
4.46183819303
2.17762678878
4.59975530073
3.46658674877
4.62787545116
3.37949430438
3.73253415043
2.66236398226
3.86901446173
4.58814224844
4.0141673937
4.57859448841
4.45878794499
3.73488834837
3.77511942468
4.66889146644
5.0655209754
3.51038384101
4.62555311201
3.87219552963
3.61924660069
3.80415857943
4.13945544601
5.12807331362
3.1042055237
5.01461315117
4.55090739665
3.7000911575
3.16139730819
5.26080082376
3.04373377564
4.13887399912
5.29470141666
4.60645592071
3.77888597562
3.16791875632
4.29881214749
4.41277289484
4.10228629678
5.01582314905
3.32745673048
4.59914963141
3.13736898705
5.3335903475
5.15264780334
4.55523844163
3.8163738187
3.64876764417
3.52311307131
4.0678436499
5.10053991102
3.43833513879
4.24892940962
5.0046596249
2.98087384939
4.1588257163
4.04901588388
3.50893745443
3.30500040754
3.01018718437
3.33007217733
5.14283815917
3.93973975868
5.160706479
2.66320361425
3.14308939932
3.98016673504
2.77640520503
4.15853467864
3.88008116484
3.64402156248
2.38368659467
3.10660396333
4.6218049932
4.19297777079
3.84878294242
3.75612933325
4.1351280893
3.65109466006
3.10426477186
2.43488102017
3.51533227195
3.4579009902
3.74479669213
2.66602245241
3.16724808966
5.29487368062
2.92149097371
3.74648150609
3.67063270976
4.83831989627
4.78545141473
4.14500281785
4.86368065318
4.92677687013
3.95487167534
3.58823115685
4.47962609085
3.59584226727
4.75371376395
2.77321238462
3.56119704735
2.30880034286
4.82890990153
3.73500626557
2.84115897413
4.42133776825
4.29163775302
3.17264756194
5.01675028273
4.17979549233
4.05410049343
3.60527132597
3.52122040907
4.13108873356
3.79532896043
4.9951853472
2.55973342375
4.62332442956
3.50191065764
4.27905223653
4.5468560724
3.57209131663
3.88754171283
4.32371550473
4.15844311166
4.88387975965
3.7498268026
3.38580417595
3.98483518045
2.59872783271
4.16240519016
3.9200025655
2.70361542794
3.73049891962
4.1710158269
3.64006163639
4.38880413408
2.99954688178
4.10552265433
2.90116029446
4.24784375509
4.38367096004
3.53584691145
3.23158140662
4.28511809135
4.09372968942
4.46578681951
3.81939841345
3.80860311168
4.13013592799
4.2587389822
3.63707125222
3.72301075641
4.63498129833
4.3360222366
4.36287158927
4.17304150294
3.99124846335
4.01121239553
4.99732187051
3.94639669068
3.82724816064
3.97599283085
4.18787171398
2.72845748486
4.38686571577
4.80202286131
3.50717936113
4.85991213971
4.74997999363
4.55253619194
3.50250510251
4.32913268074
5.47506932627
3.55554854241
3.44920559836
4.28955222676
4.53652347203
4.29999312032
3.10744349562
3.67862804072
3.46607162662
3.37745014001
3.86691913301
3.28129557432
3.5698923361
4.55745489577
4.06945585769
4.07544080409
4.80938845846
4.10498692388
4.64173695849
4.0718945516
4.23383479042
3.93326852833
4.77094320721
4.47676759688
4.17027079588
4.42761200319
4.62467113235
3.76518745746
3.10932474399
3.79013278334
3.91626694802
4.43948578615
4.65210096691
3.54181818735
4.24731404361
2.7042301917
4.35476079572
3.5290444833
4.39584221225
5.32231022052
5.33382259995
3.72811425412
2.91576982804
3.3247294353
3.1325398469
5.92230951346
3.07866634285
2.84238650758
3.77090408991
4.2929574288
3.66328197131
4.62700464218
3.81320027739
3.38332394901
3.58127727112
4.85054594654
2.85609274038
3.05659783734
3.7877112758
4.13750668781
4.75268393366
4.60334093954
4.13558946235
4.60283170036
3.97719719464
3.26877049178
3.78187051566
4.04762187091
3.95986584996
4.78232243311
5.34914437719
4.22645415476
4.33148327379
3.77565338873
4.6255763249
4.76166368694
2.99558446246
3.23124945271
4.39746182864
4.52615606476
3.3834347344
4.7790470576
3.81469441511
3.20110624216
2.92153173173
4.23643982968
3.80743750862
3.98726049349
3.14957821333
4.83693520499
5.02343398957
3.64900031517
5.18243770077
3.54468062641
4.7006053333
3.33019692063
4.2974496618
4.65121349369
2.84742355762
2.84192475005
3.61103239468
4.64349296826
4.8747215356
3.34469812032
4.97555834884
4.33671418085
3.16021099639
3.46453396291
4.33017803583
3.09460349498
4.24490505018
3.35942606159
3.38854027995
2.92693318809
2.99893481778
3.67812131152
4.36810903634
5.07821586961
4.25716115191
4.00152627265
3.5867838689
4.13159077981
4.7349339879
4.38845090949
3.68587574317
3.05003382021
4.48968601744
5.37096105423
2.86207771534
2.83049674624
2.82716470812
4.7579197948
3.45352121389
3.39704106187
4.59657002981
4.20397540709
3.12418272003
4.27891618963
3.82924447172
5.60008314584
5.09657998012
4.30163868515
4.31157696014
4.64513663438
3.80100332579
4.52369485254
3.01877134047
4.71795101399
3.85903640733
4.15670982921
3.26169424313
2.6655975463
3.96093780187
4.292369024
4.12805894689
3.79353107985
3.88640136412
4.10420092353
5.28684386329
4.67589456618
5.50585832087
5.11235854928
3.92684822812
3.51948992961
4.04457744975
3.88149477173
3.17508305832
3.4980676884
2.5120825472
2.81248096003
5.36559927274
4.46893147904
3.84429339455
4.45315303588
3.21067677593
2.65435104461
4.50157329121
3.13503148235
4.05990484687
3.95377148836
2.66547383862
4.65452471249
3.94791490361
3.8670890576
3.10892054842
5.08833117013
3.93237613635
3.78934917053
4.62033752199
4.28431726451
3.75385767712
5.29721613183
5.43337355515
3.43857714762
4.42498057276
2.27253732357
3.63504916646
3.92228723742
3.95442523826
3.06382280735
4.26938639524
4.03231585256
4.98837309353
4.47803907174
5.03409795788
2.03469167172
3.64218880082
3.13719185945
3.07855093366
2.48848600424
4.68150054799
4.60678435435
3.10987006348
2.31235404043
4.31298608896
3.8699076027
3.53223274508
4.60157856155
2.73274117167
4.95830607793
4.56723915214
4.52010252036
4.3091474346
2.76170077449
2.70196373028
3.90479760095
3.25308877123
4.63517318456
4.44796905568
4.47051355587
2.49893962777
3.47805348654
3.954434713
2.97510454391
5.67785745669
3.40698322432
4.54272213972
4.28276593855
2.88805067556
5.57468122894
4.14539671334
3.50688986287
2.1835011747
3.48340257288
4.17448564334
4.39241775292
2.49870286923
4.60384808241
3.9542083915
3.33829255636
4.47913725827
5.50329739092
4.50113874277
2.65603433534
4.49079773378
3.35932686926
3.91089206669
4.03072703646
3.88314479107
3.56451265234
4.05035745507
3.77224630081
4.93070805224
3.58990254985
2.67425790935
4.2773230394
4.36121426112
4.18384909883
4.4643456927
4.18947727601
4.11357307256
3.65081367527
3.12817509081
2.8901520651
4.35847203742
4.08789193003
3.80587549642
4.66026760877
3.93093655222
4.83290438726
3.42466699663
3.14718889318
4.11433977649
3.36881543648
3.48074082633
3.70046336168
2.17453772358
3.92818152541
3.16975304887
3.62820262673
3.28949007814
3.24814795536
4.30846489823
3.25665916504
3.8120508392
2.92966933615
3.74219538765
5.16234428841
4.48477414464
3.95415873249
3.25369434547
4.86479681798
2.58773707334
4.5709020156
3.6905126384
3.9505078037
5.14736929433
4.75109431872
4.00122016285
3.96517080812
3.7058012894
4.28766098371
5.33624535257
4.89590093681
3.16316060939
4.19412546466
3.40647744932
3.79509291455
3.11602339154
3.46132414335
3.9415384322
3.80460994595
3.16703558086
5.24498597655
3.46403499021
4.64375319267
2.84727276668
3.59751438145
4.58296150899
4.71171234632
3.92086451115
2.87902031536
2.37157286845
3.6739921019
4.93719758816
4.00715153478
4.18235631826
3.09190664003
4.07089603844
5.72280171107
4.47858310265
2.46731444291
2.991227761
5.02921069001
4.29143734368
4.99120045541
2.06291700602
4.95203917719
4.54534008396
4.11751322162
4.80508099547
2.68729065361
3.43688172672
4.71199299663
2.96603175422
3.01691470728
3.33927774206
4.07589827459
4.22574330412
3.84637706293
2.64705906793
3.75748763686
3.27289299527
2.87861715134
5.1682606329
4.50285589826
3.69972620792
4.07726460085
3.39513402116
3.85262708306
3.00165753963
4.34172577527
2.53892710062
4.89959050574
4.57410631393
2.03719113122
4.17900857705
4.23177628658
4.5110063814
3.8506083801
3.7095020469
4.74654436164
5.48964944141
4.78152275619
3.85487107224
4.41577004705
3.18638137356
3.83361528258
3.92297526184
2.95646783307
4.64833829901
5.160617819
2.37915722265
3.05261899686
4.22875938289
4.64559291478
4.08943499505
4.65166568774
4.09374324515
3.54522260303
4.99327106643
3.79138474685
4.63342938916
3.61014190736
3.36364308534
3.15129138526
2.81188780332
3.96003609857
4.61777300933
2.99577440238
4.44328126529
2.81408444237
3.67963023355
3.95365758382
3.23143694848
3.36950441263
3.65041885208
3.80962163937
4.32707985472
4.61938050288
4.22491738597
3.24583293498
5.05898488418
2.68823931806
3.65005414906
3.66398781261
5.55284906283
4.31110577919
3.33777136042
4.71539519096
4.5873227629
4.38573336402
4.55802264924
3.4828680516
4.16691337656
3.99044118968
3.96515355831
4.36837745629
3.98549282669
3.81196926389
4.19591324258
4.00063159806
3.82195675748
5.4953565178
3.81714014039
3.49887978623
3.6793708224
4.25869918554
3.54976072487
3.53951178461
4.02286223074
4.04282332678
5.39311032595
4.34906394785
5.56135675185
4.35683979683
3.46105691989
4.09582700792
3.71446842702
4.23098511101
2.84803277103
4.01367028069
3.01272606483
4.16115084349
4.28591849254
3.81475879392
4.12592335473
2.77303349507
4.41004320081
4.58424042527
5.12398008278
5.01096410734
4.7348620183
3.1372404885
3.88714763308
3.40520302516
4.08287138837
4.83232932546
3.92853678141
4.97232963945
5.14094837925
2.84718916504
3.85785421995
2.96176254018
3.80236437502
3.67809047077
4.46778235845
3.44865369431
3.30766807373
4.93475985721
2.69463352849
2.91590767646
3.76621166018
4.62047194803
4.33167687582
4.51677721238
2.39609691671
2.93921275244
5.19787936858
3.3528790805
3.46480507836
3.52379712773
4.28938078079
3.00697294229
4.20657921374
4.44543388197
5.66153313132
3.43111834518
3.89163231113
2.6303644638
2.68742640848
4.73282969652
4.66689268107
3.84396679887
4.25040941476
2.80623634216
3.57740898086
2.41692341637
4.52728267007
4.36768957427
2.80701913229
4.08398314023
3.47134744786
4.5459096202
4.26075217778
3.99074762104
4.3890853907
4.14234275787
2.62750571863
